rconsoleclear()
rconsolename("$ samuu#7670 script")
rconsolewarn("Ola "..game.Players.LocalPlayer.DisplayName..'!')
wait(0.5)
rconsolewarn("Bem vindo ao meu script de SPTS!")
wait(1)
rconsolewarn("Antes do script comecar, irei injetar alguns scripts antes...")
wait(1)
rconsoleprint("\n\nAnti afk...\n")

local sucess = pcall(function()
    game.Players.LocalPlayer.Idled:Connect(function()
    local VirtualUser = game:GetService("VirtualUser")
    VirtualUser:CaptureController()
    VirtualUser:ClickButton2(Vector2.new())
    end)
end)
if sucess then
    rconsoleprint("@@LIGHT_GREEN@@")
    rconsoleprint("Sucesso ao injetar Anti afk script...\n")
else
    rconsoleprint("Erro ao injetar Anti afk script...\n")    
end
wait(0.1)

local scripts = {"Bugs do personagem", "Anti afk 2.0", "Webhook service", "Websocket", "Metatables", "Remote Events Changed"}
for i,v in pairs(scripts) do
    rconsoleprint(string.format("\n\n%s...\n", v))
    task.wait(math.random())
    rconsoleprint("Sucesso ao injetar "..v..'...\n')
end
rconsolewarn("Por enqunato so temos esses scripts.")
wait(0.2)
rconsolewarn("Iniciando script...")

delay(3, function()
    rconsoleclear()
end)

loadstring(game:HttpGet("https://raw.githubusercontent.com/webhooking2022/functions-library/main/.functions"))()
repeat wait() until functions
local OLDUI = game.CoreGui:FindFirstChild("Ui library")

if OLDUI then
	OLDUI:Destroy()
end

local library = {}

function library:CreateWindow(text)
	local Uilibrary = Instance.new("ScreenGui")
	local Main = Instance.new("Frame")
	local UICorner = Instance.new("UICorner")
	local TextLabel = Instance.new("TextLabel")
	local ScrollingFrame = Instance.new("ScrollingFrame")
	local UICorner_2 = Instance.new("UICorner")
	local UIGridLayout = Instance.new("UIGridLayout")
	local OpenTabs = Instance.new("ImageButton")
	local Container2 = Instance.new("Folder")

	--Properties:

	Uilibrary.Name = "Ui library"
	Uilibrary.Parent = game:GetService('CoreGui')
	Uilibrary.ZIndexBehavior = Enum.ZIndexBehavior.Sibling

	Main.Name = "Main"
	Main.Parent = Uilibrary
	Main.BackgroundColor3 = Color3.fromRGB(27, 27, 27)
	Main.BorderSizePixel = 0
	Main.ClipsDescendants = true
	Main.Position = UDim2.new(0.0657534227, 0, 0.108559497, 0)
	Main.Size = UDim2.new(0, 352, 0, 337)

	UICorner.CornerRadius = UDim.new(0, 5)
	UICorner.Parent = Main

	TextLabel.Parent = Main
	TextLabel.BackgroundColor3 = Color3.fromRGB(255, 255, 255)
	TextLabel.BackgroundTransparency = 1.000
	TextLabel.Size = UDim2.new(0, 352, 0, 25)
	TextLabel.Font = Enum.Font.SourceSansBold
	TextLabel.Text = text
	TextLabel.TextColor3 = Color3.fromRGB(73, 143, 235)
	TextLabel.TextScaled = true
	TextLabel.TextSize = 45.000
	TextLabel.TextWrapped = true

	ScrollingFrame.Parent = Main
	ScrollingFrame.Active = true
	ScrollingFrame.BackgroundColor3 = Color3.fromRGB(38, 38, 38)
	ScrollingFrame.BorderColor3 = Color3.fromRGB(255, 255, 255)
	ScrollingFrame.BorderSizePixel = 0
	ScrollingFrame.Position = UDim2.new(0, 0, 0.0741839781, 0)
	ScrollingFrame.Size = UDim2.new(0, 104, 0, 312)

	UICorner_2.Parent = ScrollingFrame

	UIGridLayout.Parent = ScrollingFrame
	UIGridLayout.SortOrder = Enum.SortOrder.LayoutOrder
	UIGridLayout.CellSize = UDim2.new(0, 91, 0, 17)

	OpenTabs.Name = "OpenTabs"
	OpenTabs.Parent = Main
	OpenTabs.BackgroundTransparency = 1.000
	OpenTabs.Position = UDim2.new(-0.00242839009, 0, -0.00227662176, 0)
	OpenTabs.Size = UDim2.new(0, 25, 0, 25)
	OpenTabs.ZIndex = 2
	OpenTabs.Image = "rbxassetid://3926305904"
	OpenTabs.ImageRectOffset = Vector2.new(464, 4)
	OpenTabs.ImageRectSize = Vector2.new(36, 36)

	Container2.Name = "Container2"
	Container2.Parent = Main

	-- Scripts:

	local function ISRGRR_fake_script() -- Main.TogleUi 
		local script = Instance.new('LocalScript', Main)

		local Enabled = true

		local menu = script.Parent

		menu.Active = true
		menu.Draggable = true
		game.Players.LocalPlayer:GetMouse().KeyDown:Connect(function(KeyPressed)
			if KeyPressed:lower() == 'f2' then
				Enabled = not Enabled
				if Enabled == false then
					script.Parent:TweenSize(UDim2.new(0, 352,0, 0), 'Out', 'Quart', 0.3, true)
				elseif Enabled == true then
					script.Parent:TweenSize(UDim2.new(0, 352,0, 337), 'Out', 'Quart', 0.3, true)
				end
			end
		end)

		local TabsEnabled = true
		script.Parent.OpenTabs.MouseButton1Click:Connect(function()
			TabsEnabled = not TabsEnabled
			if TabsEnabled == false then
				script.Parent.ScrollingFrame:TweenSize(UDim2.new(0, 0,0, 312), 'Out', 'Quart', 0.3, true)
			else
				script.Parent.ScrollingFrame:TweenSize(UDim2.new(0, 104,0, 312), 'Out', 'Quart', 0.3, true)
			end
		end)

		delay(1, function()
			for i,v in pairs(script.Parent.Parent.Main:GetDescendants()) do
				if v:IsA('TextButton') or v:IsA('ImageButton') then
					v.MouseButton1Click:Connect(function()
						local sound = Instance.new('Sound', workspace)
						sound.SoundId = 'rbxassetid://6706935653'
						sound:Play()
						sound.Ended:wait()
						sound:Destroy()
					end)
				elseif v:IsA('ScrollingFrame') then
					
				end
			end
		end)
	end
	coroutine.wrap(ISRGRR_fake_script)()
	
	
	local EpicLibrary = {}
	
	function EpicLibrary:CreateTab(text)
		local Tab = Instance.new("ScrollingFrame")
		local ButtonToSelectTab = Instance.new("TextButton")
		local UICorner = Instance.new("UICorner")
		local UIGridLayout = Instance.new("UIGridLayout")
		
		
		
		UIGridLayout.Parent = Tab
		UIGridLayout.SortOrder = Enum.SortOrder.LayoutOrder
		UIGridLayout.CellSize = UDim2.new(0, 234, 0, 15)

		Tab.Name = "Tab"
		Tab.Parent = Container2
		Tab.Active = true
		Tab.BackgroundColor3 = Color3.fromRGB(255, 255, 255)
		Tab.BackgroundTransparency = 1.000
		Tab.BorderColor3 = Color3.fromRGB(255, 255, 255)
		Tab.BorderSizePixel = 0
		Tab.Position = UDim2.new(0.295454532, 0, 0.0741839781, 0)
		Tab.Size = UDim2.new(0, 248, 0, 312)
		Tab.Visible = false
		Tab.Name = text..' Container'
		Tab.AutomaticCanvasSize = Enum.AutomaticSize.Y
		
		
		ButtonToSelectTab.Name = "ButtonToSelectTab"
		ButtonToSelectTab.Parent = ScrollingFrame
		ButtonToSelectTab.BackgroundColor3 = Color3.fromRGB(29, 29, 29)
		ButtonToSelectTab.Size = UDim2.new(0, 91, 0, 17)
		ButtonToSelectTab.Font = Enum.Font.SourceSans
		ButtonToSelectTab.TextColor3 = Color3.fromRGB(235, 235, 235)
		ButtonToSelectTab.TextSize = 14.000
		ButtonToSelectTab.Text = text
		ButtonToSelectTab.MouseButton1Click:Connect(function()
			for i,v in next, Container2:GetChildren() do
				v.Visible = false
			end
			Tab.Visible = true
		end)

		UICorner.CornerRadius = UDim.new(0, 5)
		UICorner.Parent = ButtonToSelectTab
		
		local ButtonsONTab = {}
		
		function ButtonsONTab:CreateTextBox(text, callback)
			local Config = Instance.new("TextBox")
			local UICorner = Instance.new("UICorner")

			Config.Name = "Config"
			Config.Parent = Tab
			Config.BackgroundColor3 = Color3.fromRGB(61, 61, 61)
			Config.BorderSizePixel = 0
			Config.Size = UDim2.new(0, 234, 0, 15)
			Config.Font = Enum.Font.SourceSansBold
			Config.Text = text
			Config.TextColor3 = Color3.fromRGB(88, 139, 220)
			Config.TextSize = 14.000
			Config.FocusLost:Connect(function(a)
				if a then
					pcall(callback, Config.Text)
					wait()
					Config.Text = text
				end
			end)

			UICorner.CornerRadius = UDim.new(0, 4)
			UICorner.Parent = Config
		end
		function ButtonsONTab:CreateButton(text, callback)
			local CustomButton = Instance.new("TextButton")
			local UICorner = Instance.new("UICorner")

			local callback = callback or function()end
			CustomButton.Name = "CustomButton"
			CustomButton.Parent = Tab
			CustomButton.BackgroundColor3 = Color3.fromRGB(25, 25, 25)
			CustomButton.BorderSizePixel = 0
			CustomButton.Size = UDim2.new(0, 234, 0, 15)
			CustomButton.Text = text
			CustomButton.Font = Enum.Font.SourceSansBold
			CustomButton.TextColor3 = Color3.fromRGB(88, 139, 220)
			CustomButton.TextSize = 14.000
			CustomButton.MouseButton1Click:Connect(function()
				pcall(callback)
			end)
			UICorner.CornerRadius = UDim.new(0, 4)
			UICorner.Parent = CustomButton
		end
		function ButtonsONTab:CreateToggle(text, callback)
			local CustomToggle = Instance.new("TextButton")
			local UICorner = Instance.new("UICorner")
			local CustomToggleBackground = Instance.new("TextLabel")
			local UICorner_2 = Instance.new("UICorner")


			CustomToggle.Name = text..' TOGGLE'
			CustomToggle.Parent = Tab
			CustomToggle.BackgroundColor3 = Color3.fromRGB(25, 25, 25)
			CustomToggle.BorderSizePixel = 0
			CustomToggle.Size = UDim2.new(0, 234, 0, 15)
			CustomToggle.Font = Enum.Font.SourceSansBold
			CustomToggle.Text = text
			CustomToggle.TextColor3 = Color3.fromRGB(88, 139, 220)
			CustomToggle.TextSize = 14.000
			local Enabled = false
			local function fire()
				Enabled = not Enabled
			end
			CustomToggle.MouseButton1Click:Connect(function()
				fire()
				if Enabled == true then
					for i,v in pairs(Tab:GetChildren()) do
						if string.find(v.Name, CustomToggle.Text) then
							game:GetService('TweenService'):Create(CustomToggleBackground, TweenInfo.new(0.3), {BackgroundColor3 = Color3.fromRGB(0, 255, 0)}):Play()
						end
					end
				elseif Enabled == false then
					for i,v in pairs(Tab:GetChildren()) do
						if string.find(v.Name, text) then
							game:GetService('TweenService'):Create(CustomToggleBackground, TweenInfo.new(0.3), {BackgroundColor3 = Color3.fromRGB(255, 0, 0)}):Play()
						end
					end
				end
				wait(.1)
				pcall(callback, Enabled)
				
			end)
			UICorner.CornerRadius = UDim.new(0, 4)
			UICorner.Parent = CustomToggle

			CustomToggleBackground.Name = "CustomToggleBackground"
			CustomToggleBackground.Parent = CustomToggle
			CustomToggleBackground.BackgroundColor3 = Color3.fromRGB(255, 0, 0)
			CustomToggleBackground.Position = UDim2.new(0.846153855, 0, 0.266666681, 0)
			CustomToggleBackground.Size = UDim2.new(0, 30, 0, 6)
			CustomToggleBackground.Font = Enum.Font.SourceSans
			CustomToggleBackground.Text = ""
			CustomToggleBackground.TextColor3 = Color3.fromRGB(255, 0, 0)
			CustomToggleBackground.TextSize = 14.000

			UICorner_2.Parent = CustomToggleBackground
		end
		return ButtonsONTab
	end
	
	return EpicLibrary
end

menu = library
local speaker = game.Players.LocalPlayer
menu = menu:CreateWindow("Super power traning simulator")
spawn(function()
    local speaker = game.Players.LocalPlayer

while true and task.wait() do
        if game.Players.LocalPlayer.PlayerGui.ScreenGui.Enabled==false and game.Lighting.Blur.Enabled == true and (speaker.Character and speaker.Character:FindFirstChild("Humanoid")).Health > 0 then
            game.Lighting.Blur.Enabled = false
            game.Players.LocalPlayer.PlayerGui.IntroGui.Enabled = false
            game.Players.LocalPlayer.PlayerGui.ScreenGui.Enabled = true
        end
    end
end)
local farms = menu:CreateTab("Farms")

local teleports = menu:CreateTab("Teleports")




local aimbot = menu:CreateTab("Target")

local esp = menu:CreateTab"Esp"

local auto_refresh = menu:CreateTab("Auto refresh")
local clicker = {}
function getRoot(plr)
    plr = plr or game.Players.LocalPlayer

    local sucess, root = pcall(function()
        return plr.Character.HumanoidRootPart
    end)
    if sucess then return root end
end
function getHumanoid(plr)
    plr = plr or game.Players.LocalPlayer

    local sucess, Humanoid = pcall(function()
        return plr.Character.Humanoid
    end)
    if sucess then return Humanoid end
end
function round(num, numDecimalPlaces)
	local mult = 10^(numDecimalPlaces or 0)
	return math.floor(num * mult + 0.5) / mult
end
		
function converttoletter(num)
	if num / 1e21 >=1 then
		newnum = num / 1e21
		return round(newnum, 6).. "Sx"
	elseif num / 1e18 >=1 then
		newnum = num / 1e18
		return round(newnum, 6).. "Qi"
	elseif num / 1e15 >=1 then
		newnum = num / 1e15
		return round(newnum, 6).. "Qa"
	elseif num / 1e12 >=1 then
		newnum = num / 1e12
		return round(newnum, 6).. "T"
	elseif num / 1e09 >=1 then
		newnum = num / 1e09
		return round(newnum, 6).. "B"
	elseif num / 1e06 >=1 then
		newnum = num / 1e06
		return round(newnum, 6).. "M"
	elseif num / 1e03 >=1 then
		newnum = num / 1e03
		return round(newnum, 6).. "K"
	else return num
	end
end


Translate = function(num)
    return converttoletter(num)
end

function AutoClick(bool)
    if bool then
        clicker[#clicker + 1] = game:GetService("RunService").Stepped:Connect(function()
            for i,v in pairs(game.Players.LocalPlayer.Character:GetChildren()) do
                if v:IsA("Tool") then
                    v:Activate()
                end
            end
        end)
    else
        if clicker then
            for i,v in pairs(clicker) do
                v:Disconnect()
            end
        end
    end
    
end

local Stats = {
    First = game:GetService("Players").LocalPlayer.PrivateStats.FistStrength;
    Body = game:GetService("Players").LocalPlayer.PrivateStats.BodyToughness;
    Psy = game:GetService("Players").LocalPlayer.PrivateStats.PsychicPower;
}

function Equip(name)
    pcall(function()
        for i,v in pairs(game.Players.LocalPlayer.Backpack:GetChildren()) do
            if v.Name == name then
                v.Parent = game.Players.LocalPlayer.Character
            end
        end
    end)
end

function NewFarm(farm_name, toolname, cframes)
    
    local oldpos
    local myfarm
    farms:CreateToggle(farm_name, function(bool)
        AutoClick(bool)
        if bool then
            oldpos = game.Players.LocalPlayer.Character.HumanoidRootPart.CFrame
            myfarm = game:GetService("RunService").Heartbeat:Connect(function()
                local pos

                for i,v in pairs(cframes) do
                    if v.stats.Value >= v.number  then
                        pos = v.cframe
                        if getgenv().safefarm == true then
                            pos = pos + Vector3.new(0, -10, 0)
                        end
                    end
                end

                Equip(toolname)
                
                
                game.Players.LocalPlayer.Character.HumanoidRootPart.CFrame = pos
            end)
        else
            pcall(function()
                for i,v in pairs(game.Players.LocalPlayer.Character:GetChildren()) do
                    if v:IsA("Tool") then
                        v.Parent = game.Players.LocalPlayer.Backpack
                    end
                end
            end)
            myfarm:Disconnect()
            for i = 1,10 do
                game.Players.LocalPlayer.Character.HumanoidRootPart.CFrame = oldpos
                wait()
                game.Players.LocalPlayer.Character.HumanoidRootPart.Velocity = Vector3.new(0,0,0)
            end
        end
    end)
end
local autorespawn = false
function Refresh()
    local speaker = game.Players.LocalPlayer

    local Root = speaker.Character:WaitForChild("HumanoidRootPart") or speaker.CharacterAdded:wait():WaitForChild("HumanoidRootPart")
    
    local old = Root.CFrame
    Root.CFrame = CFrame.new(599, 999, 900)
    game:GetService("ReplicatedStorage").RemoteEvent:FireServer({[1] = "Respawn"})
    
    speaker.CharacterAdded:wait()
    local speaker = game.Players.LocalPlayer
    local Root = speaker.Character:WaitForChild("HumanoidRootPart") or speaker.CharacterAdded:wait():WaitForChild("HumanoidRootPart")
    for i = 1,10 do

        Root.CFrame = old
        wait(0.1)
    end
end

farms:CreateButton("Refresh", Refresh)
function Unequip_All()
    for i,v in pairs(game.Players.LocalPlayer.Character:GetChildren()) do
        if v:IsA("Tool") then
            v.Parent = game.Players.LocalPlayer.Backpack
        end
    end
end
farms:CreateToggle("Auto respawn", function(bool)
    autorespawn = bool 

    spawn(function()
        while autorespawn do
            pcall(function()
                if game.Players.LocalPlayer.Character.Humanoid.Health == 0 then
                    Refresh()
                end
            end)
            wait(1)
        end
    end)
end)

NewFarm(
    "Farm First",
    "Fist Training",
    {
        {number = 0; stats = Stats.First; cframe = CFrame.new(406.887665, 249.188797, 976.322021, -0.792755067, 1.1043349e-07, 0.609540343, 7.74301441e-08, 1, -8.04710538e-08, -0.609540343, -1.65970402e-08, -0.792755067)};
        {number = 100000; stats = Stats.First; cframe = CFrame.new(-2275.03125, 1943.37939, 1051.66333, 0.0607836209, -3.70249396e-08, 0.998150945, 5.7621703e-09, 1, 3.67426338e-08, -0.998150945, 3.51816531e-09, 0.0607836209)};
        {number = 1000000000; stats = Stats.First; cframe = CFrame.new(1186.93616, 4779.06348, -2297.53467, -0.371832132, -0.156149551, 0.915072799, 1.7578121e-07, 0.985751152, 0.168210298, -0.928299963, 0.0625461563, -0.366533905)};
        {number = 100000000000; stats = Stats.First; cframe = CFrame.new(1374.39551, 9266.51758, 1659.69495, 0.865195632, 0.319280475, -0.386647761, -1.81473115e-06, 0.771085382, 0.636731803, 0.501434445, -0.550896883, 0.667140245)};
        {number = 10000000000000; stats = Stats.First; cframe = CFrame.new(-359.757324, 15727.9697, -31.8966103, -0.943179667, -0.297547728, 0.147910252, -5.98836721e-07, 0.44513467, 0.895463645, -0.332283169, 0.844583035, -0.419842154)};

    }
)


NewFarm(
    "Farm Body",
    "",
    {
        {number = 0; stats = Stats.Body; cframe = CFrame.new(455.258972, 249.190018, 888.708618, -0.152845666, 1.13263773e-07, -0.988250077, -5.59382762e-10, 1, 1.14696952e-07, 0.988250077, 1.80837425e-08, -0.152845666)};
        {number = 100; stats = Stats.Body; cframe = CFrame.new(367.184113, 249.731277, -444.085938, -0.175680995, -1.01059364e-07, 0.984447122, 1.31243922e-08, 1, 1.04998087e-07, -0.984447122, 3.13664401e-08, -0.175680995)};
        {number = 10000; stats = Stats.Body; cframe = CFrame.new(356.676758, 264.893585, -495.948822, -0.99989754, -0.0027670078, 0.0140450522, 2.99783579e-07, 0.981136858, 0.193314552, -0.0143150212, 0.193294749, -0.981036305)};
        {number = 100000; stats = Stats.Body; cframe = CFrame.new(1637.09155, 259.230103, 2245.51294, 0.878243208, -1.1784981e-08, -0.478214264, 1.34939366e-08, 1, 1.37964556e-10, 0.478214264, -6.57415899e-09, 0.878243208)};
        {number = 1000000; stats = Stats.Body; cframe = CFrame.new(-2295.14966, 979.431519, 1070.17297, -0.0653749183, -0.18810378, 0.979970992, -2.09807718e-06, 0.982071877, 0.188506901, -0.997860789, 0.0123215672, -0.0642032623)};
        {number = 10000000; stats = Stats.Body; cframe = CFrame.new(-2047.81421, 712.246948, -1888.62793, -0.296391934, 0.0546080321, -0.953503966, 7.7555138e-05, 0.998365402, 0.0571531802, 0.955066383, 0.0168657918, -0.2959117)};
        {number = 1000000000; stats = Stats.Body; cframe = CFrame.new(-247.085373, 286.888702, 978.444702, -0.998405397, -1.40505418e-09, 0.0564500391, -3.59635377e-11, 1, 2.42541542e-08, -0.0564500391, 2.4213449e-08, -0.998405397)};
        {number = 100000000000; stats = Stats.Body; cframe = CFrame.new(-275.752045, 281.419586, 991.447266, 0.300231099, -4.36285841e-10, 0.953866482, -4.62642896e-10, 1, 6.03004313e-10, -0.953866482, -6.22340179e-10, 0.300231099)};
        {number = 10000000000000; stats = Stats.Body; cframe = CFrame.new(-277.946014, 281.41983, 1007.26373, -0.566190839, 9.75158176e-09, -0.824274182, -5.08084241e-08, 1, 4.67306229e-08, 0.824274182, 6.83385224e-08, -0.566190839)};
    }
)


NewFarm(
    "Farm Psy",
    "Meditate",
    {
        {number = 1000000; stats = Stats.Psy; cframe = CFrame.new(-2532, 5486, -534)};
        {number = 1000000000; stats = Stats.Psy; cframe = CFrame.new(-2560.03516, 5500.78906, -439.525177, 0.141069382, -2.13925899e-09, 0.989999712, -6.21240304e-09, 1, 3.04610071e-09, -0.989999712, -6.57998855e-09, 0.141069382)};
        {number = 1000000000000; stats = Stats.Psy; cframe = CFrame.new(-2580.73315, 5516.34619, -500.459839, 0.998254836, 4.28544382e-08, 0.0590536185, -4.37836825e-08, 1, 1.44417323e-08, -0.0590536185, -1.70021135e-08, 0.998254836)};
        {number = 1000000000000000; stats = Stats.Psy; cframe = CFrame.new(-2542.24854, 5409.48779, -494.291351, 0.895807028, -3.13333821e-08, 0.444443166, 2.46675498e-08, 1, 2.07810995e-08, -0.444443166, -7.65253105e-09, 0.895807028)};
    }
)
function toggleJumpPower(bool)
    jumppower = bool
    for i = 1,10 do
        task.spawn(function()
            while jumppower and task.wait() do
                pcall(function()
                    game.Players.LocalPlayer.Character.Humanoid.JumpPower = 50
                end)
            end
        end)
    end
end
function getHeight()

    if game.Players.LocalPlayer.Character:FindFirstChild("RightWeight4") and game.Players.LocalPlayer.Character:FindFirstChild("LeftWeight4") then

            return true

    end

    return false

end



local psy_active = false
local jump_active = false
local first_active = false 
local body_active = false
local times_psy = 1
local times_first = 1
local times_body = 1
farms:CreateToggle("Farm {All}", function(bool)
    three = bool
    local Psy = {
        "Meditate";
        {number = 1000000; stats = Stats.Psy; cframe = CFrame.new(-2532, 5486, -534)};
        {number = 1000000000; stats = Stats.Psy; cframe = CFrame.new(-2560.03516, 5500.78906, -439.525177, 0.141069382, -2.13925899e-09, 0.989999712, -6.21240304e-09, 1, 3.04610071e-09, -0.989999712, -6.57998855e-09, 0.141069382)};
        {number = 1000000000000; stats = Stats.Psy; cframe = CFrame.new(-2580.73315, 5516.34619, -500.459839, 0.998254836, 4.28544382e-08, 0.0590536185, -4.37836825e-08, 1, 1.44417323e-08, -0.0590536185, -1.70021135e-08, 0.998254836)};
        {number = 1000000000000000; stats = Stats.Psy; cframe = CFrame.new(-2542.24854, 5409.48779, -494.291351, 0.895807028, -3.13333821e-08, 0.444443166, 2.46675498e-08, 1, 2.07810995e-08, -0.444443166, -7.65253105e-09, 0.895807028)};
    }
    local Body = {
        {number = 0; stats = Stats.Body; cframe = CFrame.new(455.258972, 249.190018, 888.708618, -0.152845666, 1.13263773e-07, -0.988250077, -5.59382762e-10, 1, 1.14696952e-07, 0.988250077, 1.80837425e-08, -0.152845666)};
        {number = 100; stats = Stats.Body; cframe = CFrame.new(367.184113, 249.731277, -444.085938, -0.175680995, -1.01059364e-07, 0.984447122, 1.31243922e-08, 1, 1.04998087e-07, -0.984447122, 3.13664401e-08, -0.175680995)};
        {number = 10000; stats = Stats.Body; cframe = CFrame.new(356.676758, 264.893585, -495.948822, -0.99989754, -0.0027670078, 0.0140450522, 2.99783579e-07, 0.981136858, 0.193314552, -0.0143150212, 0.193294749, -0.981036305)};
        {number = 100000; stats = Stats.Body; cframe = CFrame.new(1637.09155, 259.230103, 2245.51294, 0.878243208, -1.1784981e-08, -0.478214264, 1.34939366e-08, 1, 1.37964556e-10, 0.478214264, -6.57415899e-09, 0.878243208)};
        {number = 1000000; stats = Stats.Body; cframe = CFrame.new(-2295.14966, 979.431519, 1070.17297, -0.0653749183, -0.18810378, 0.979970992, -2.09807718e-06, 0.982071877, 0.188506901, -0.997860789, 0.0123215672, -0.0642032623)};
        {number = 10000000; stats = Stats.Body; cframe = CFrame.new(-2047.81421, 712.246948, -1888.62793, -0.296391934, 0.0546080321, -0.953503966, 7.7555138e-05, 0.998365402, 0.0571531802, 0.955066383, 0.0168657918, -0.2959117)};
        {number = 1000000000; stats = Stats.Body; cframe = CFrame.new(-247.085373, 286.888702, 978.444702, -0.998405397, -1.40505418e-09, 0.0564500391, -3.59635377e-11, 1, 2.42541542e-08, -0.0564500391, 2.4213449e-08, -0.998405397)};
        {number = 100000000000; stats = Stats.Body; cframe = CFrame.new(-275.752045, 281.419586, 991.447266, 0.300231099, -4.36285841e-10, 0.953866482, -4.62642896e-10, 1, 6.03004313e-10, -0.953866482, -6.22340179e-10, 0.300231099)};
        {number = 10000000000000; stats = Stats.Body; cframe = CFrame.new(-277.946014, 281.41983, 1007.26373, -0.566190839, 9.75158176e-09, -0.824274182, -5.08084241e-08, 1, 4.67306229e-08, 0.824274182, 6.83385224e-08, -0.566190839)};
    }
    local First = {
        "Fist Training";
        {number = 0; stats = Stats.First; cframe = CFrame.new(406.887665, 249.188797, 976.322021, -0.792755067, 1.1043349e-07, 0.609540343, 7.74301441e-08, 1, -8.04710538e-08, -0.609540343, -1.65970402e-08, -0.792755067)};
        {number = 100000; stats = Stats.First; cframe = CFrame.new(-2275.03125, 1943.37939, 1051.66333, 0.0607836209, -3.70249396e-08, 0.998150945, 5.7621703e-09, 1, 3.67426338e-08, -0.998150945, 3.51816531e-09, 0.0607836209)};
        {number = 1000000000; stats = Stats.First; cframe = CFrame.new(1186.93616, 4779.06348, -2297.53467, -0.371832132, -0.156149551, 0.915072799, 1.7578121e-07, 0.985751152, 0.168210298, -0.928299963, 0.0625461563, -0.366533905)};
        {number = 100000000000; stats = Stats.First; cframe = CFrame.new(1374.39551, 9266.51758, 1659.69495, 0.865195632, 0.319280475, -0.386647761, -1.81473115e-06, 0.771085382, 0.636731803, 0.501434445, -0.550896883, 0.667140245)};
        {number = 10000000000000; stats = Stats.First; cframe = CFrame.new(-359.757324, 15727.9697, -31.8966103, -0.943179667, -0.297547728, 0.147910252, -5.98836721e-07, 0.44513467, 0.895463645, -0.332283169, 0.844583035, -0.419842154)};

    }

    function getBest(tab)
        local pos, tool, location
        for i,v in pairs(tab) do
            if typeof(v) == "table" and v.stats.Value > v.number then
                pos = v.cframe
                location = i
                tool = tab[1]
            end
        end
        return pos, tool, location
    end
    zero = Vector3.new(0,0,0)
    AutoClick(three)
    if bool then
        oldpos = getRoot().CFrame
        spawn(function()
            while three and task.wait() do
                pcall(function()
                    if psy_active and three then
                        for i = 0,times_spy do
                            local pos, toolname = getBest(Psy)
                            if pos and toolname then
                                Unequip_All()
                                Equip(toolname)
                                local reached = false
                                connection = game:GetService("Players").LocalPlayer.PlayerGui.ScreenGui.ChildAdded:Connect(function(child)
                                    if not (child.Name ~= "MSXpFrame" and child.Name == "JFXpFrame") then
                                        reached = true
                                    end
                                end)
                                repeat
                                    Equip(toolname)
                                    getRoot().CFrame = pos 
                                    getRoot().Velocity = zero
                                    task.wait()
                                until reached
                                connection:Disconnect()
                            end
                        end
                    end
                    if body_active and three then
                        for i = 0,times_body do
                            local pos, toolname, location = getBest(Body)
    
                            if pos and toolname then
                                Unequip_All()
  
                                local reached = false
                                connection = game:GetService("Players").LocalPlayer.PlayerGui.ScreenGui.ChildAdded:Connect(function(child)
                                    if not (child.Name ~= "MSXpFrame" and child.Name == "JFXpFrame") then
                                        reached = true
                                    end
                                end)
                                repeat

                                    getRoot().CFrame = pos  Equip(toolname)
                                    getRoot().Velocity = zero
                                    task.wait()
                                until reached
                                connection:Disconnect()
                            end
                        end
                    end
                    if first_active and three then
                        for i = 0,times_first do
                            local pos, toolname, location = getBest(First)
    
                            if pos and toolname then
                                Unequip_All()
                                Equip(toolname)
                                AutoClick(false)
                                delay(0.2, function()
                                    AutoClick(true)
                                end)
        
                                local reached = false
                                connection = game:GetService("Players").LocalPlayer.PlayerGui.ScreenGui.ChildAdded:Connect(function(child)
                                    if not (child.Name ~= "MSXpFrame" and child.Name == "JFXpFrame") then
                                        reached = true
                                    end
                                end)
                                repeat
                                    getRoot().CFrame = pos 
                                    getRoot().Velocity = zero
                                    Equip(toolname)
                                    
                                    task.wait()
                                until reached
                                connection:Disconnect()
                            end
                        end
                    end
                end)
            end
            
        end)
        spawn(function()
            toggleJumpPower(true)
            while three and task.wait() do
                if jump_active == true then
                    
                    game.Players.LocalPlayer.Character.Humanoid.Jump = true
                    if not getHeight() then
                        local args = {
                            [1] = {
                                [1] = "Weight",
                                [2] = "Weight4"
                            }
                        }
                        
                        game:GetService("ReplicatedStorage").RemoteEvent:FireServer(unpack(args))
                        wait(1)                        
                    end
                end
            end
            
        end)
    else
        for i = 1,15 do
            toggleJumpPower(false)
            getRoot().CFrame = oldpos
            wait()
        end
    end
end)

farms:CreateToggle("That will farm Psy?", function(bool)
    psy_active = bool
end)
farms:CreateToggle("That will farm Jump?", function(bool)
    jump_active = bool
end)

farms:CreateToggle("That will farm Body?", function(bool)
    body_active = bool
end)
farms:CreateToggle("That will farm First?", function(bool)
    first_active = bool
end)

farms:CreateTextBox("How times will farm Psy?", function(text)
    times_spy = tonumber(text) or 1 
end)
farms:CreateTextBox("How times will farm Body?", function(text)
    times_body = tonumber(text) or 1 
end)
farms:CreateTextBox("How times will farm First?", function(text)
    times_first = tonumber(text) or 1 
end)



farms:CreateToggle("Farms safe", function(bool)
    getgenv().safefarm = bool
end)

farms:CreateToggle('Farm time not to die', function(bool)
    farm_time = bool
    spawn(function()
        if bool then
            oldpos = game.Players.LocalPlayer.Character.HumanoidRootPart.CFrame
            while farm_time do
                game.Players.LocalPlayer.Character.HumanoidRootPart.CFrame = CFrame.new(math.random(-1000, 1000), math.random(5000, 30000), math.random(-100, 1000))
                game.Players.LocalPlayer.Character.HumanoidRootPart.Velocity = Vector3.new(0,0,0)
                task.wait()
            end
        else
            game.Players.LocalPlayer.Character.HumanoidRootPart.CFrame = oldpos
            game.Players.LocalPlayer.Character.HumanoidRootPart.Velocity = Vector3.new(0,0,0)
        end
    end)
end)

farms:CreateToggle("Auto clicker" , function(bool)
    AutoClick(bool)
end)
farms:CreateToggle("Auto invisible", function(bool)
    autoinvis = bool

    spawn(function()
        while autoinvis and wait(1) do 
            local args = {
                [1] = {
                    [1] = "Skill_Invisible",
                    [2] = "Start"
                }
            }
            
            game:GetService("ReplicatedStorage").RemoteEvent:FireServer(unpack(args))
            
        end
    end)
end)
for i,v in pairs({

}) do 

end

function getPlayer(name)
    for i,v in pairs(game.Players:GetChildren()) do
        if v.Name:lower():match(name:lower()) then
            return v 
        end
    end
end
local target
local Lock = false

local gmt = getrawmetatable(game)
local namecall = gmt.__namecall

setreadonly(gmt, false)

gmt.__namecall = newcclosure(function(self, ...)
    local args = {...}
    local method = getnamecallmethod()

    if tostring(method) == "FireServer" and tostring(self) == "RemoteEvent" and Lock == true then

        pcall(function()
        
            if tostring(args[1]) == "Skill_BulletPunch" then

                args[3] = target.Character.Head.Position
    

            elseif tostring(args[1]) == "Skill_SpherePunch" then
    
                args[2] = target.Character.Head.Position
    

            end

        end)

        
        return self.FireServer(self, unpack(args))
    end

    return namecall(self, unpack(args))
end)

setreadonly(gmt, true)

aimbot:CreateTextBox("Target", function(text)
    target = functions.FindPlayer(text)
end)

aimbot:CreateButton("Get nearest player", function()
    target = functions.getNearest(false)
end)

aimbot:CreateButton("Tp", function()
    speaker.Character.HumanoidRootPart.CFrame = target.Character.HumanoidRootPart.CFrame
end)

aimbot:CreateToggle("Spectate", function(bool)
    spectate = bool
    spawn(function()
        while spectate do
            workspace.CurrentCamera.CameraSubject = target.Character
            task.wait()
        end
        workspace.CurrentCamera.CameraSubject = speaker.Character
    end)
end)

aimbot:CreateToggle("Kill With First", function(b)
    kill = b 

    spawn(function()
        if kill then
            oldpos = game.Players.LocalPlayer.Character.Head.Position
        end
        while kill and task.wait() do
            local args = {
                [1] = {
                    [1] = "Skill_BulletPunch",
                    [2] = "Right",
                    [3] = target.Character.Head.Position
                }
            }
            
            
            game:GetService("ReplicatedStorage").RemoteEvent:FireServer(unpack(args))
            local args = {
                [1] = {
                    [1] = "Skill_SpherePunch",
                    [2] = target.Character.Head.Position
                }
            }
            game:GetService("ReplicatedStorage").RemoteEvent:FireServer(unpack(args))
            speaker.Character.HumanoidRootPart.CFrame = CFrame.new(target.Character.Head.Position + Vector3.new(0, 10, 0))

        end
    end)

    if not kill then
        for i = 1,10 do
            game.Players.LocalPlayer.Character.HumanoidRootPart.CFrame = CFrame.new(oldpos)
            wait()
        end
    end
end)

aimbot:CreateToggle("Kill With Psychic", function(b)
    kill = b 

    spawn(function()
        if kill then
            oldpos = game.Players.LocalPlayer.Character.Head.Position
        end
        while kill and task.wait() do
            local args = {
                [1] = {
                    [1] = "Skill_SoulAttack_Start",
                    [2] = target
                }
            }
            
            game:GetService("ReplicatedStorage").RemoteEvent:FireServer(unpack(args))
            
            
            speaker.Character.HumanoidRootPart.CFrame = CFrame.new(target.Character.Head.Position + Vector3.new(0, 10, 0))

        end
    end)

    if not kill then
        local args = {
            [1] = {
                [1] = "Skill_SoulAttack_End"
            }
        }
        
        game:GetService("ReplicatedStorage").RemoteEvent:FireServer(unpack(args))
        for i = 1,10 do
            game.Players.LocalPlayer.Character.HumanoidRootPart.CFrame = CFrame.new(oldpos)
            wait()
        end
    end
end)

aimbot:CreateToggle("Fire in this player", function(b)
    kill = b 

    spawn(function()

        while kill and task.wait() do
            local args = {
                [1] = {
                    [1] = "Skill_BulletPunch",
                    [2] = "Right",
                    [3] = target.Character.Head.Position
                }
            }
            
            
            game:GetService("ReplicatedStorage").RemoteEvent:FireServer(unpack(args))

        end
    end)


end)

local NC = false
local NC_Clip
local Player = game.Players.LocalPlayer
local Char = Player.Character or Player.CharacterAdded:wait()

local Mouse = Player:GetMouse()

local Speed = 2

local Service = game:GetService("ContextActionService")
local Camera = workspace.CurrentCamera
local Player = game:GetService("Players").LocalPlayer 
local Input = game:GetService("UserInputService") 
local Forward = false 
local Back = false 
local Left = false 
local Right = false 
local Up = false 
local Down = false 
local BodyPosition
local Menu
local Heart = {}
local VELOCIDADE = 5

Player.Chatted:Connect(function(cmd)
	cmd = cmd .. ' '
	cmd = cmd:split(" ")
	
	if cmd[1] == "/e" then
		if cmd[2] == "velo" then
			VELOCIDADE = tonumber(cmd[3])
		end
	end
end)
Input.InputBegan:Connect(function(Key,b)
    if b then return end
    if Key.KeyCode == Enum.KeyCode.LeftShift then
        VELOCIDADE+=25
    end
	if Key.KeyCode == Enum.KeyCode.W or Key.KeyCode == Enum.KeyCode.Up then 
		Forward = true 
	end 
	if Key.KeyCode == Enum.KeyCode.S or Key.KeyCode == Enum.KeyCode.Down then 
		Back = true 
	end 
	if Key.KeyCode == Enum.KeyCode.A or Key.KeyCode == Enum.KeyCode.Left then
		Left = true 
	end 
	if Key.KeyCode == Enum.KeyCode.D or Key.KeyCode == Enum.KeyCode.Right then 
		Right = true 
	end 
	if Key.KeyCode == Enum.KeyCode.Space then 
		Up = true 
	end             
	if Key.KeyCode == Enum.KeyCode.LeftControl then 
		Down = true 
	end 
end)
Input.InputEnded:Connect(function(Key, b)
    if b then return end
    if Key.KeyCode == Enum.KeyCode.LeftShift then
    VELOCIDADE-=25
    end
	if Key.KeyCode == Enum.KeyCode.W or Key.KeyCode == Enum.KeyCode.Up then 
		Forward = false 
	end 
	if Key.KeyCode == Enum.KeyCode.S or Key.KeyCode == Enum.KeyCode.Down then 
		Back = false 
	end 
	if Key.KeyCode == Enum.KeyCode.A or Key.KeyCode == Enum.KeyCode.Left then
		Left = false 
	end 
	if Key.KeyCode == Enum.KeyCode.D or Key.KeyCode == Enum.KeyCode.Right then 
		Right = false 
	end 
	if Key.KeyCode == Enum.KeyCode.Space then 
		Up = false 
	end 
	if Key.KeyCode == Enum.KeyCode.LeftControl then 
		Down = false 
	end 
end)
farms:CreateToggle("Fly", function(bool)
    NC = bool
		
    Char.Animate.Enabled = not NC
    if NC then
        spawn(function()
            
            NC_Clip = game:GetService("RunService").Stepped:Connect(function()
                
            end)
            
        end)
        

        Heart[#Heart + 1] = game["Run Service"].Heartbeat:Connect(function()
            if Forward then 
                Player.Character:TranslateBy(Camera.CFrame.lookVector*VELOCIDADE) 
            end 
            if Back then 
                Player.Character:TranslateBy(-Camera.CFrame.lookVector*VELOCIDADE) 
            end 
            if Left then 
                Player.Character:TranslateBy(-Camera.CFrame:vectorToWorldSpace(Vector3.new(1,0,0))*VELOCIDADE) 
            end 
            if Right then 
                Player.Character:TranslateBy(Camera.CFrame:vectorToWorldSpace(Vector3.new(1,0,0))*VELOCIDADE) 
            end 
            if Up then Player.Character:TranslateBy(Camera.CFrame:vectorToWorldSpace(Vector3.new(0,1,0))*VELOCIDADE) 
            end 
            if Down then 
